0.0000e+00 2.1892e+00 1.4663e-01
4.0404e-01 1.9287e+00 1.3962e-01
8.0808e-01 1.7926e+00 1.3300e-01
1.2121e+00 1.6045e+00 1.2675e-01
1.6162e+00 1.2705e+00 1.2085e-01
2.0202e+00 1.4040e+00 1.1529e-01
2.4242e+00 1.1855e+00 1.1004e-01
2.8283e+00 1.2993e+00 1.0510e-01
3.2323e+00 1.0850e+00 1.0044e-01
3.6364e+00 1.0326e+00 9.6055e-02
4.0404e+00 9.7743e-01 9.1934e-02
4.4444e+00 8.2311e-01 8.8061e-02
4.8485e+00 5.4100e-01 8.4424e-02
5.2525e+00 6.3414e-01 8.1013e-02
5.6566e+00 5.6934e-01 7.7816e-02
6.0606e+00 6.2292e-01 7.4824e-02
6.4646e+00 6.3881e-01 7.2025e-02
6.8687e+00 4.7597e-01 6.9410e-02
7.2727e+00 3.5773e-01 6.6971e-02
7.6768e+00 3.9083e-01 6.4697e-02
8.0808e+00 4.0086e-01 6.2581e-02
8.4848e+00 3.4872e-01 6.0614e-02
8.8889e+00 4.2119e-01 5.8788e-02
9.2929e+00 3.5820e-01 5.7096e-02
9.6970e+00 2.5181e-01 5.5528e-02
1.0101e+01 2.7971e-01 5.4080e-02
1.0505e+01 2.9961e-01 5.2742e-02
1.0909e+01 3.5313e-01 5.1509e-02
1.1313e+01 2.4650e-01 5.0374e-02
1.1717e+01 1.4240e-01 4.9331e-02
1.2121e+01 2.1375e-01 4.8373e-02
1.2525e+01 1.6427e-01 4.7494e-02
1.2929e+01 1.9423e-01 4.6689e-02
1.3333e+01 1.2749e-01 4.5953e-02
1.3737e+01 1.8068e-01 4.5281e-02
1.4141e+01 2.1228e-01 4.4668e-02
1.4545e+01 2.1602e-01 4.4108e-02
1.4949e+01 1.8708e-01 4.3599e-02
1.5354e+01 1.3794e-01 4.3135e-02
1.5758e+01 1.6230e-01 4.2714e-02
1.6162e+01 2.3818e-01 4.2331e-02
1.6566e+01 1.6278e-01 4.1984e-02
1.6970e+01 2.1095e-01 4.1669e-02
1.7374e+01 1.7005e-01 4.1384e-02
1.7778e+01 1.6686e-01 4.1126e-02
1.8182e+01 1.3756e-01 4.0892e-02
1.8586e+01 1.4768e-01 4.0680e-02
1.8990e+01 2.3543e-01 4.0489e-02
1.9394e+01 2.2323e-01 4.0316e-02
1.9798e+01 1.1108e-01 4.0160e-02
2.0202e+01 2.0339e-01 4.0018e-02
2.0606e+01 1.1335e-01 3.9891e-02
2.1010e+01 2.1177e-01 3.9776e-02
2.1414e+01 7.8506e-02 3.9673e-02
2.1818e+01 1.7568e-01 3.9579e-02
2.2222e+01 1.7577e-01 3.9495e-02
2.2626e+01 1.3278e-01 3.9419e-02
2.3030e+01 1.7002e-01 3.9350e-02
2.3434e+01 1.8715e-01 3.9288e-02
2.3838e+01 1.5528e-01 3.9233e-02
2.4242e+01 1.8653e-01 3.9183e-02
2.4646e+01 1.6807e-01 3.9137e-02
2.5051e+01 1.8098e-01 3.9097e-02
2.5455e+01 1.2438e-01 3.9060e-02
2.5859e+01 1.4120e-01 3.9027e-02
2.6263e+01 5.7252e-02 3.8997e-02
2.6667e+01 1.3368e-01 3.8971e-02
2.7071e+01 1.3032e-01 3.8947e-02
2.7475e+01 1.5950e-01 3.8925e-02
2.7879e+01 2.1773e-01 3.8905e-02
2.8283e+01 8.6941e-02 3.8888e-02
2.8687e+01 1.5393e-01 3.8872e-02
2.9091e+01 1.3961e-01 3.8858e-02
2.9495e+01 1.5895e-01 3.8845e-02
2.9899e+01 1.8923e-01 3.8833e-02
3.0303e+01 1.4920e-01 3.8823e-02
3.0707e+01 1.4824e-01 3.8814e-02
3.1111e+01 1.3199e-01 3.8805e-02
3.1515e+01 6.1413e-02 3.8798e-02
3.1919e+01 1.6419e-01 3.8791e-02
3.2323e+01 1.6452e-01 3.8785e-02
3.2727e+01 2.1677e-01 3.8779e-02
3.3131e+01 1.4133e-01 3.8774e-02
3.3535e+01 1.3022e-01 3.8770e-02
3.3939e+01 1.4704e-01 3.8766e-02
3.4343e+01 8.4110e-02 3.8762e-02
3.4747e+01 1.2583e-01 3.8759e-02
3.5152e+01 1.6847e-01 3.8756e-02
3.5556e+01 1.2864e-01 3.8753e-02
3.5960e+01 1.0437e-01 3.8751e-02
3.6364e+01 1.4458e-01 3.8749e-02
3.6768e+01 1.4684e-01 3.8747e-02
3.7172e+01 1.4086e-01 3.8745e-02
3.7576e+01 1.3403e-01 3.8744e-02
3.7980e+01 1.9673e-01 3.8742e-02
3.8384e+01 1.2123e-01 3.8741e-02
3.8788e+01 2.1352e-01 3.8740e-02
3.9192e+01 2.0885e-01 3.8739e-02
3.9596e+01 6.5110e-02 3.8738e-02
4.0000e+01 1.9182e-01 3.8737e-02
